[0.90212563 0.57250037 0.90401351 0.31923906 0.34483006 0.92510063
 0.72216316 0.27623335 0.73921811 0.44538694 0.61558641 0.80965907
 0.94066525 0.08138432 0.26017419 0.08898159 0.25471376 0.50602433
 0.32739095 0.46730612 0.1069956  0.11515008 0.54991644 0.79322692
 0.19428843 0.28586571 0.14697736 0.32229629 0.6454335  0.04892536
 0.23111574 0.55448016 0.83158946 0.95723272 0.08824807 0.57879325
 0.51207392 0.53842904 0.34852849 0.53098181 0.40621295 0.65226092
 0.84935514 0.44274719 0.5264807  0.26689123 0.9936978  0.32741627
 0.29503412 0.86568449 0.50313918 0.74449892 0.38311361 0.45146028
 0.13758927 0.88743705 0.032261   0.64637877 0.04399997 0.69561892
 0.43228081 0.02520683 0.05385486 0.92063438 0.57742687 0.98593549
 0.65541774 0.66820787 0.46067181 0.72026523 0.85536148 0.1483657
 0.48317583 0.92868522 0.22470076 0.40033925 0.92939045 0.65007355
 0.36001152 0.35447887 0.46350844 0.31969449 0.1260078  0.93349536
 0.24555792 0.00194763 0.5092509  0.40946601 0.1576675  0.87813662
 0.64832521 0.64281404 0.07192866 0.00286162 0.26542341 0.99372817
 0.56209073 0.55816862 0.76346733 0.31611953]